TITLE:       Long-term 30-day estimates of C20 from up to 8 SLR satellites                          
                                                                                                    
DESCRIPTION: Estimates of C20 and its variations relative to a reference value of -4.8416945732D-04.     
             Each estimate is based on 30-days of laser ranging from up to 8 satellites
             The epoch of each estimate is the mid-point of the 30-day span used.                   
             No de-aliasing or rate model has been applied. The series spans January                
             1976 to Present. The variations and the sigmas have been scaled                        
             by 1E10. The background model is described in the reference given below.               
             Both normalized and unnormalized values are provided for convenience.                  
                                                                                                    
CONTACT:     J. C. Ries                                                                             
             Center for Space Research                                                              
             The University of Texas at Austin                                                      
             Email: ries@csr.utexas.edu                                                             
                                                                                                    
REFERENCE:   Cheng, M., B. D. Tapley, and J. C. Ries (2013), "Deceleration in the Earth's           
             oblateness", J. Geophys. Res., doi:10.1002/jgrb.50058.                                 
                                                                                                    
   Year               C20         delta_C20  C20_sigma  delta_J2  J2_sigma  
  1976.04110   -4.8416958211E-04    -1.248    6.1182    3.2377   13.6807
  1976.12323   -4.8416927526E-04     1.821    4.8364   -3.6239   10.8145
  1976.20537   -4.8416953163E-04    -0.743    2.4302    2.1089    5.4341
  1976.28750   -4.8416969428E-04    -2.370    0.9276    5.7458    2.0742
  1976.36964   -4.8416975089E-04    -2.936    1.1782    7.0117    2.6345
  1976.45177   -4.8416975084E-04    -2.935    0.9234    7.0105    2.0648
  1976.53391   -4.8416975627E-04    -2.990    1.3970    7.1320    3.1238
  1976.61604   -4.8416981872E-04    -3.614    2.4495    8.5284    5.4772
  1976.69818   -4.8416987321E-04    -4.159    2.1199    9.7467    4.7402
  1976.78032   -4.8416962732E-04    -1.700    0.9418    4.2485    2.1059
  1976.86245   -4.8416969256E-04    -2.352    0.8156    5.7073    1.8237
  1976.94459   -4.8416956673E-04    -1.094    0.9356    2.8938    2.0921
  1977.02672   -4.8416951958E-04    -0.623    1.3605    1.8395    3.0422
  1977.10680   -4.8416959256E-04    -1.352    1.5672    3.4712    3.5044
  1977.18894   -4.8416981076E-04    -3.534    1.1002    8.3504    2.4601
  1977.27108   -4.8416974672E-04    -2.894    1.0551    6.9183    2.3593
  1977.35321   -4.8416968391E-04    -2.266    1.1491    5.5140    2.5695
  1977.43535   -4.8416948432E-04    -0.270    1.0387    1.0510    2.3226
  1977.51748   -4.8416996636E-04    -5.090    0.7266   11.8297    1.6247
  1977.59962   -4.8416979550E-04    -3.382    1.3747    8.0092    3.0739
  1977.68175   -4.8416974919E-04    -2.919    0.9708    6.9736    2.1708
  1977.76389   -4.8416998927E-04    -5.319    1.1515   12.3419    2.5748
  1977.84602   -4.8416984234E-04    -3.850    1.6936    9.0566    3.7870
  1977.92816   -4.8416958871E-04    -1.314    2.0210    3.3853    4.5191
  1978.01030   -4.8416964312E-04    -1.858    1.4055    4.6019    3.1428
  1978.09311   -4.8416953221E-04    -0.749    2.6640    2.1218    5.9569
  1978.17525   -4.8416963785E-04    -1.805    1.2432    4.4839    2.7799
  1978.25739   -4.8416960214E-04    -1.448    1.1390    3.6855    2.5469
  1978.33952   -4.8416957334E-04    -1.160    0.7976    3.0414    1.7835
  1978.42166   -4.8416967703E-04    -2.197    0.9981    5.3602    2.2318
  1978.50379   -4.8416994892E-04    -4.916    1.7244   11.4397    3.8559
  1978.58593   -4.8416979950E-04    -3.422    2.1472    8.0986    4.8013
  1978.66806   -4.8416986354E-04    -4.062    0.8930    9.5305    1.9968
  1978.75020   -4.8416981405E-04    -3.567    0.8832    8.4239    1.9749
  1978.83234   -4.8416981356E-04    -3.562    2.2079    8.4130    4.9370
  1978.91447   -4.8416964344E-04    -1.861    1.7379    4.6091    3.8861
  1978.99661   -4.8416960323E-04    -1.459    2.3406    3.7098    5.2337
  1979.07943   -4.8416957787E-04    -1.205    3.0389    3.1428    6.7952
  1979.16156   -4.8416959542E-04    -1.381    1.6898    3.5353    3.7785
  1979.24370   -4.8416951282E-04    -0.555    1.2111    1.6882    2.7081
  1979.32583   -4.8416958885E-04    -1.315    1.0434    3.3884    2.3331
  1979.40797   -4.8416957633E-04    -1.190    1.2159    3.1084    2.7188
  1979.49010   -4.8416965461E-04    -1.973    1.4214    4.8587    3.1783
  1979.57224   -4.8417000537E-04    -5.480    1.1112   12.7019    2.4847
  1979.65438   -4.8416986549E-04    -4.082    2.1590    9.5742    4.8277
  1979.73651   -4.8416976722E-04    -3.099    1.3576    7.3768    3.0357
  1979.81865   -4.8416955163E-04    -0.943    1.4132    2.5561    3.1600
  1979.90078   -4.8416970126E-04    -2.439    2.3376    5.9018    5.2270
  1979.98292   -4.8416963230E-04    -1.750    1.8245    4.3599    4.0797
  1980.06574   -4.8416947446E-04    -0.171    1.0509    0.8304    2.3499
  1980.14787   -4.8416946333E-04    -0.060    1.5785    0.5816    3.5296
  1980.23001   -4.8416954870E-04    -0.914    1.2670    2.4905    2.8331
  1980.31214   -4.8416960788E-04    -1.506    0.9464    3.8138    2.1162
  1980.39428   -4.8416957879E-04    -1.215    0.9147    3.1634    2.0453
  1980.47641   -4.8416977032E-04    -3.130    1.2255    7.4462    2.7403
  1980.55855   -4.8416980144E-04    -3.441    0.8268    8.1420    1.8488
  1980.64069   -4.8416972883E-04    -2.715    0.7584    6.5184    1.6958
  1980.72282   -4.8416972912E-04    -2.718    0.8235    6.5248    1.8414
  1980.80496   -4.8416981511E-04    -3.578    0.7849    8.4477    1.7551
  1980.88709   -4.8416971891E-04    -2.616    0.8275    6.2966    1.8503
  1980.96923   -4.8416952602E-04    -0.687    1.4966    1.9835    3.3465
  1981.04931   -4.8416959913E-04    -1.418    1.6534    3.6182    3.6971
  1981.13144   -4.8416950276E-04    -0.454    1.1412    1.4633    2.5518
  1981.21358   -4.8416953547E-04    -0.781    1.1038    2.1946    2.4682
  1981.29572   -4.8416959001E-04    -1.327    1.1107    3.4143    2.4836
  1981.37785   -4.8416966953E-04    -2.122    1.2137    5.1923    2.7139
  1981.45999   -4.8416960280E-04    -1.455    1.0337    3.7003    2.3114
  1981.54212   -4.8416976844E-04    -3.111    0.9578    7.4040    2.1417
  1981.62426   -4.8416961533E-04    -1.580    1.0206    3.9804    2.2821
  1981.70639   -4.8416991089E-04    -4.536    0.8997   10.5893    2.0118
  1981.78853   -4.8416979195E-04    -3.346    1.1163    7.9297    2.4961
  1981.87066   -4.8416958812E-04    -1.308    1.8478    3.3721    4.1318
  1981.95280   -4.8416960401E-04    -1.467    2.7171    3.7273    6.0756
  1982.03494   -4.8416946849E-04    -0.112    2.0298    0.6970    4.5388
  1982.11776   -4.8416944987E-04     0.074    2.7351    0.2807    6.1159
  1982.19989   -4.8416949008E-04    -0.328    3.1890    1.1797    7.1308
  1982.28203   -4.8416964760E-04    -1.903    2.2403    4.7021    5.0095
  1982.36416   -4.8416963962E-04    -1.823    1.4340    4.5235    3.2065
  1982.44630   -4.8416957115E-04    -1.138    0.8790    2.9925    1.9655
  1982.52843   -4.8416963156E-04    -1.742    1.3504    4.3434    3.0196
  1982.61057   -4.8416989518E-04    -4.379    1.4180   10.2380    3.1707
  1982.69270   -4.8416986245E-04    -4.051    1.3831    9.5062    3.0927
  1982.77484   -4.8416965106E-04    -1.937    1.1681    4.7794    2.6120
  1982.85698   -4.8416961261E-04    -1.553    1.4106    3.9197    3.1542
  1982.93911   -4.8416955278E-04    -0.955    1.7931    2.5818    4.0095
  1983.02125   -4.8416954273E-04    -0.854    1.6909    2.3571    3.7810
  1983.10407   -4.8416947819E-04    -0.209    1.5691    0.9139    3.5086
  1983.18620   -4.8416949676E-04    -0.394    2.7321    1.3291    6.1092
  1983.26834   -4.8416952615E-04    -0.688    1.6018    1.9863    3.5817
  1983.35047   -4.8416961853E-04    -1.612    1.5209    4.0521    3.4008
  1983.43261   -4.8416949879E-04    -0.415    0.8755    1.3746    1.9577
  1983.51474   -4.8416966323E-04    -2.059    0.7232    5.0515    1.6171
  1983.59688   -4.8416980663E-04    -3.493    0.8528    8.2581    1.9069
  1983.67901   -4.8416966353E-04    -2.062    0.8516    5.0583    1.9042
  1983.76115   -4.8416972806E-04    -2.707    0.9258    6.5012    2.0702
  1983.84329   -4.8416978169E-04    -3.244    0.7432    7.7004    1.6618
  1983.92542   -4.8416954317E-04    -0.858    0.9951    2.3668    2.2251
  1984.00756   -4.8416954001E-04    -0.827    1.2803    2.2962    2.8628
  1984.09038   -4.8416934525E-04     1.121    1.2545   -2.0588    2.8051
  1984.17251   -4.8416941470E-04     0.426    2.1316   -0.5057    4.7664
  1984.25465   -4.8416948868E-04    -0.314    1.0995    1.1485    2.4586
  1984.33678   -4.8416944544E-04     0.119    1.0293    0.1816    2.3016
  1984.41892   -4.8416960851E-04    -1.512    0.7478    3.8279    1.6721
  1984.50105   -4.8416958532E-04    -1.280    0.8939    3.3094    1.9988
  1984.58319   -4.8416973597E-04    -2.786    0.9840    6.6780    2.2003
  1984.66533   -4.8416970758E-04    -2.503    0.7502    6.0431    1.6775
  1984.74746   -4.8416964090E-04    -1.836    0.9730    4.5522    2.1757
  1984.82960   -4.8416959837E-04    -1.411    0.8834    3.6012    1.9753
  1984.91173   -4.8416953597E-04    -0.786    1.0073    2.2058    2.2524
  1984.99387   -4.8416932902E-04     1.283    1.0306   -2.4216    2.3045
  1985.07395   -4.8416946091E-04    -0.036    1.5955    0.5276    3.5676
  1985.15609   -4.8416928468E-04     1.726    1.3212   -3.4131    2.9543
  1985.23822   -4.8416946730E-04    -0.100    0.8993    0.6703    2.0109
  1985.32036   -4.8416946100E-04    -0.037    1.0527    0.5295    2.3539
  1985.40249   -4.8416943521E-04     0.221    0.6965   -0.0472    1.5574
  1985.48463   -4.8416954792E-04    -0.906    0.9213    2.4731    2.0601
  1985.56676   -4.8416976796E-04    -3.106    1.4817    7.3933    3.3132
  1985.64890   -4.8416970730E-04    -2.500    0.7490    6.0370    1.6748
  1985.73103   -4.8416970130E-04    -2.440    0.8476    5.9028    1.8953
  1985.81317   -4.8416957856E-04    -1.212    0.8777    3.1582    1.9626
  1985.89531   -4.8416951704E-04    -0.597    1.1743    1.7827    2.6258
  1985.97744   -4.8416942459E-04     0.327    0.8752   -0.2846    1.9570
  1986.06026   -4.8416946023E-04    -0.029    0.7836    0.5124    1.7522
  1986.14240   -4.8416928127E-04     1.761    1.0132   -3.4894    2.2656
  1986.22453   -4.8416942579E-04     0.315    1.0880   -0.2579    2.4328
  1986.30667   -4.8416946618E-04    -0.089    0.7538    0.6453    1.6855
  1986.38880   -4.8416949086E-04    -0.335    0.7827    1.1973    1.7502
  1986.47094   -4.8416955999E-04    -1.027    1.0234    2.7430    2.2884
  1986.55307   -4.8416968767E-04    -2.303    1.0134    5.5980    2.2660
  1986.63521   -4.8416964823E-04    -1.909    0.9323    4.7161    2.0847
  1986.71735   -4.8416961638E-04    -1.591    0.6859    4.0039    1.5337
  1986.79948   -4.8416968485E-04    -2.275    0.6389    5.5350    1.4286
  1986.88162   -4.8416956656E-04    -1.092    0.6275    2.8899    1.4031
  1986.96375   -4.8416943685E-04     0.205    0.7723   -0.0105    1.7269
  1987.04657   -4.8416934794E-04     1.094    0.8913   -1.9985    1.9930
  1987.12871   -4.8416948354E-04    -0.262    0.5956    1.0335    1.3318
  1987.21084   -4.8416931862E-04     1.387    0.5862   -2.6543    1.3108
  1987.29298   -4.8416944760E-04     0.097    0.6128    0.2299    1.3703
  1987.37511   -4.8416951672E-04    -0.594    0.8348    1.7754    1.8667
  1987.45725   -4.8416951437E-04    -0.570    0.7364    1.7228    1.6466
  1987.53939   -4.8416948899E-04    -0.317    0.7585    1.1553    1.6961
  1987.62152   -4.8416963275E-04    -1.754    0.6152    4.3700    1.3756
  1987.70366   -4.8416956407E-04    -1.068    0.8067    2.8343    1.8038
  1987.78579   -4.8416950955E-04    -0.522    0.8159    1.6152    1.8244
  1987.86793   -4.8416957661E-04    -1.193    0.7777    3.1147    1.7390
  1987.95006   -4.8416946808E-04    -0.108    0.8883    0.6878    1.9863
  1988.03220   -4.8416936106E-04     0.963    0.7215   -1.7052    1.6133
  1988.11502   -4.8416938062E-04     0.767    0.5775   -1.2678    1.2913
  1988.19715   -4.8416941094E-04     0.464    0.7587   -0.5898    1.6965
  1988.27929   -4.8416943231E-04     0.250    0.6443   -0.1121    1.4407
  1988.36143   -4.8416937229E-04     0.850    0.7531   -1.4540    1.6840
  1988.44356   -4.8416948875E-04    -0.314    0.7576    1.1500    1.6940
  1988.52570   -4.8416956397E-04    -1.067    0.6005    2.8320    1.3428
  1988.60783   -4.8416969000E-04    -2.327    0.5111    5.6502    1.1429
  1988.68997   -4.8416959013E-04    -1.328    0.6763    3.4170    1.5123
  1988.77210   -4.8416956255E-04    -1.052    0.5890    2.8003    1.3170
  1988.85424   -4.8416960057E-04    -1.432    0.5567    3.6503    1.2448
  1988.93637   -4.8416949462E-04    -0.373    0.6949    1.2812    1.5538
  1989.01851   -4.8416945562E-04     0.017    0.8891    0.4093    1.9881
  1989.09859   -4.8416937204E-04     0.853    0.6536   -1.4598    1.4615
  1989.18073   -4.8416941078E-04     0.465    0.8692   -0.5934    1.9436
  1989.26286   -4.8416940807E-04     0.493    0.7559   -0.6541    1.6902
  1989.34500   -4.8416954761E-04    -0.903    0.6770    2.4661    1.5138
  1989.42713   -4.8416956213E-04    -1.048    0.7007    2.7909    1.5668
  1989.50927   -4.8416966539E-04    -2.081    0.6173    5.0997    1.3803
  1989.59140   -4.8416970427E-04    -2.470    0.7276    5.9692    1.6270
  1989.67354   -4.8416961678E-04    -1.595    0.7302    4.0129    1.6328
  1989.75568   -4.8416967278E-04    -2.155    0.6974    5.2651    1.5594
  1989.83781   -4.8416966627E-04    -2.090    0.5837    5.1195    1.3052
  1989.91995   -4.8416947783E-04    -0.205    0.7137    0.9058    1.5959
  1990.00208   -4.8416944043E-04     0.169    0.7411    0.0696    1.6571
  1990.08490   -4.8416950577E-04    -0.485    0.7174    1.5307    1.6042
  1990.16704   -4.8416953265E-04    -0.753    0.8888    2.1317    1.9874
  1990.24917   -4.8416937455E-04     0.828    0.6468   -1.4035    1.4463
  1990.33131   -4.8416931987E-04     1.374    0.6552   -2.6262    1.4651
  1990.41344   -4.8416952052E-04    -0.632    0.7134    1.8605    1.5952
  1990.49558   -4.8416949760E-04    -0.403    0.5655    1.3478    1.2645
  1990.57771   -4.8416964204E-04    -1.847    0.5753    4.5776    1.2864
  1990.65985   -4.8416974363E-04    -2.863    0.5193    6.8494    1.1612
  1990.74199   -4.8416972105E-04    -2.637    0.6426    6.3443    1.4369
  1990.82412   -4.8416957323E-04    -1.159    0.6291    3.0391    1.4067
  1990.90626   -4.8416953165E-04    -0.743    0.5881    2.1093    1.3150
  1990.98839   -4.8416938284E-04     0.745    0.6083   -1.2183    1.3602
  1991.07121   -4.8416940302E-04     0.543    0.5458   -0.7670    1.2204
  1991.15335   -4.8416942483E-04     0.325    0.7360   -0.2793    1.6457
  1991.23548   -4.8416942610E-04     0.312    0.7354   -0.2508    1.6444
  1991.31762   -4.8416940497E-04     0.524    0.8046   -0.7234    1.7991
  1991.39975   -4.8416935160E-04     1.057    0.7731   -1.9168    1.7287
  1991.48189   -4.8416945888E-04    -0.016    0.6828    0.4821    1.5268
  1991.56403   -4.8416964134E-04    -1.840    0.8072    4.5620    1.8050
  1991.64616   -4.8416967902E-04    -2.217    0.6626    5.4046    1.4816
  1991.72830   -4.8416956754E-04    -1.102    0.6252    2.9119    1.3980
  1991.81043   -4.8416957883E-04    -1.215    0.6563    3.1642    1.4675
  1991.89257   -4.8416946672E-04    -0.094    0.8641    0.6575    1.9322
  1991.97470   -4.8416944558E-04     0.117    0.8510    0.1846    1.9029
  1992.05752   -4.8416939079E-04     0.665    0.5476   -1.0404    1.2245
  1992.13966   -4.8416936417E-04     0.932    0.6030   -1.6357    1.3483
  1992.22179   -4.8416942418E-04     0.331    0.5321   -0.2937    1.1898
  1992.30393   -4.8416939249E-04     0.648    0.4244   -1.0025    0.9490
  1992.38606   -4.8416932091E-04     1.364    0.4549   -2.6029    1.0172
  1992.46820   -4.8416937744E-04     0.799    0.5110   -1.3389    1.1426
  1992.55034   -4.8416966911E-04    -2.118    0.6527    5.1829    1.4595
  1992.63247   -4.8416961704E-04    -1.597    0.4510    4.0186    1.0085
  1992.71461   -4.8416953428E-04    -0.770    0.3982    2.1680    0.8904
  1992.79674   -4.8416961390E-04    -1.566    0.4259    3.9485    0.9523
  1992.87888   -4.8416952370E-04    -0.664    0.4653    1.9316    1.0404
  1992.96101   -4.8416948251E-04    -0.252    0.5505    1.0106    1.2310
  1993.04110   -4.8416940522E-04     0.521    0.6103   -0.7178    1.3647
  1993.12323   -4.8416933191E-04     1.254    0.5235   -2.3571    1.1706
  1993.20537   -4.8416940614E-04     0.512    0.4439   -0.6972    0.9926
  1993.28750   -4.8416942712E-04     0.302    0.4653   -0.2281    1.0404
  1993.36964   -4.8416941522E-04     0.421    0.4634   -0.4941    1.0362
  1993.45177   -4.8416947771E-04    -0.204    0.4805    0.9032    1.0744
  1993.53391   -4.8416965566E-04    -1.983    0.4053    4.8822    0.9063
  1993.61604   -4.8416960511E-04    -1.478    0.4120    3.7519    0.9213
  1993.69818   -4.8416962480E-04    -1.675    0.3845    4.1923    0.8598
  1993.78032   -4.8416958388E-04    -1.266    0.3793    3.2771    0.8481
  1993.86245   -4.8416937937E-04     0.780    0.3136   -1.2958    0.7012
  1993.94459   -4.8416946137E-04    -0.041    0.3273    0.5378    0.7319
  1994.02672   -4.8416934820E-04     1.091    0.3314   -1.9927    0.7410
  1994.10954   -4.8416932249E-04     1.348    0.4045   -2.5676    0.9045
  1994.19168   -4.8416941055E-04     0.468    0.4007   -0.5985    0.8960
  1994.27381   -4.8416943283E-04     0.245    0.3203   -0.1004    0.7162
  1994.35595   -4.8416940218E-04     0.551    0.2999   -0.7858    0.6706
  1994.43808   -4.8416937585E-04     0.815    0.2675   -1.3744    0.5981
  1994.52022   -4.8416958367E-04    -1.264    0.3012    3.2725    0.6735
  1994.60235   -4.8416959603E-04    -1.387    0.2893    3.5488    0.6469
  1994.68449   -4.8416961321E-04    -1.559    0.2979    3.9330    0.6661
  1994.76663   -4.8416948464E-04    -0.273    0.2983    1.0582    0.6670
  1994.84876   -4.8416953322E-04    -0.759    0.3182    2.1445    0.7115
  1994.93090   -4.8416941146E-04     0.459    0.2555   -0.5782    0.5713
  1995.01303   -4.8416946575E-04    -0.084    0.3609    0.6358    0.8070
  1995.09585   -4.8416937310E-04     0.842    0.3345   -1.4361    0.7480
  1995.17799   -4.8416939765E-04     0.597    0.2993   -0.8870    0.6693
  1995.26012   -4.8416932689E-04     1.304    0.3028   -2.4693    0.6771
  1995.34226   -4.8416935492E-04     1.024    0.2986   -1.8426    0.6677
  1995.42440   -4.8416938188E-04     0.754    0.3277   -1.2396    0.7328
  1995.50653   -4.8416944729E-04     0.100    0.2912    0.2230    0.6511
  1995.58867   -4.8416947938E-04    -0.221    0.2658    0.9406    0.5943
  1995.67080   -4.8416959545E-04    -1.381    0.2989    3.5359    0.6684
  1995.75294   -4.8416962256E-04    -1.652    0.2794    4.1422    0.6248
  1995.83507   -4.8416946973E-04    -0.124    0.2401    0.7247    0.5369
  1995.91721   -4.8416936390E-04     0.934    0.2774   -1.6417    0.6203
  1995.99934   -4.8416936373E-04     0.936    0.3200   -1.6454    0.7155
  1996.08216   -4.8416923560E-04     2.217    0.3304   -4.5105    0.7388
  1996.16430   -4.8416932972E-04     1.276    0.3235   -2.4061    0.7234
  1996.24644   -4.8416922726E-04     2.301    0.3024   -4.6971    0.6762
  1996.32857   -4.8416940622E-04     0.511    0.2872   -0.6953    0.6422
  1996.41071   -4.8416944871E-04     0.086    0.2578    0.2548    0.5765
  1996.49284   -4.8416945036E-04     0.070    0.3318    0.2915    0.7419
  1996.57498   -4.8416953578E-04    -0.785    0.3180    2.2017    0.7111
  1996.65711   -4.8416948532E-04    -0.280    0.3011    1.0733    0.6733
  1996.73925   -4.8416956336E-04    -1.060    0.3123    2.8183    0.6983
  1996.82138   -4.8416956112E-04    -1.038    0.2987    2.7683    0.6679
  1996.90352   -4.8416934409E-04     1.132    0.3388   -2.0847    0.7576
  1996.98565   -4.8416930976E-04     1.476    0.3686   -2.8524    0.8242
  1997.06574   -4.8416930421E-04     1.531    0.3248   -2.9765    0.7263
  1997.14787   -4.8416938946E-04     0.679    0.3259   -1.0702    0.7287
  1997.23001   -4.8416941679E-04     0.405    0.2866   -0.4590    0.6409
  1997.31214   -4.8416931035E-04     1.470    0.2643   -2.8391    0.5910
  1997.39428   -4.8416935523E-04     1.021    0.2995   -1.8355    0.6697
  1997.47641   -4.8416944179E-04     0.155    0.2852    0.1000    0.6377
  1997.55855   -4.8416960584E-04    -1.485    0.2799    3.7683    0.6259
  1997.64069   -4.8416953246E-04    -0.751    0.2691    2.1274    0.6017
  1997.72282   -4.8416950313E-04    -0.458    0.2701    1.4715    0.6040
  1997.80496   -4.8416946400E-04    -0.067    0.2570    0.5967    0.5747
  1997.88709   -4.8416931479E-04     1.425    0.3077   -2.7399    0.6880
  1997.96923   -4.8416941611E-04     0.412    0.3403   -0.4743    0.7609
  1998.05205   -4.8416931366E-04     1.437    0.2846   -2.7652    0.6364
  1998.13418   -4.8416941088E-04     0.464    0.2753   -0.5912    0.6156
  1998.21632   -4.8416938257E-04     0.748    0.2932   -1.2243    0.6556
  1998.29845   -4.8416944476E-04     0.126    0.2843    0.1663    0.6357
  1998.38059   -4.8416944934E-04     0.080    0.2804    0.2687    0.6270
  1998.46273   -4.8416948470E-04    -0.274    0.2746    1.0594    0.6140
  1998.54486   -4.8416956419E-04    -1.069    0.2612    2.8368    0.5841
  1998.62700   -4.8416961419E-04    -1.569    0.2836    3.9550    0.6341
  1998.70913   -4.8416963950E-04    -1.822    0.2574    4.5210    0.5756
  1998.79127   -4.8416960871E-04    -1.514    0.2726    3.8325    0.6096
  1998.87340   -4.8416947963E-04    -0.223    0.3232    0.9460    0.7227
  1998.95554   -4.8416944590E-04     0.114    0.3308    0.1918    0.7397
  1999.03767   -4.8416939207E-04     0.653    0.3206   -1.0119    0.7169
  1999.12049   -4.8416941930E-04     0.380    0.2910   -0.4029    0.6507
  1999.20263   -4.8416933646E-04     1.209    0.2789   -2.2553    0.6236
  1999.28477   -4.8416946719E-04    -0.099    0.2743    0.6680    0.6134
  1999.36690   -4.8416946713E-04    -0.098    0.2703    0.6666    0.6044
  1999.44904   -4.8416937894E-04     0.784    0.2504   -1.3053    0.5599
  1999.53117   -4.8416958852E-04    -1.312    0.2437    3.3810    0.5449
  1999.61331   -4.8416963404E-04    -1.767    0.2686    4.3988    0.6006
  1999.69544   -4.8416952472E-04    -0.674    0.2621    1.9543    0.5861
  1999.77758   -4.8416961538E-04    -1.581    0.2435    3.9816    0.5445
  1999.85971   -4.8416952085E-04    -0.635    0.2235    1.8679    0.4998
  1999.94185   -4.8416952637E-04    -0.691    0.2504    1.9913    0.5599
  2000.02398   -4.8416934193E-04     1.154    0.3136   -2.1329    0.7012
  2000.10680   -4.8416938202E-04     0.753    0.2535   -1.2366    0.5668
  2000.18894   -4.8416941925E-04     0.381    0.2632   -0.4040    0.5885
  2000.27108   -4.8416942055E-04     0.368    0.2552   -0.3750    0.5706
  2000.35321   -4.8416949516E-04    -0.378    0.2385    1.2934    0.5333
  2000.43535   -4.8416946851E-04    -0.112    0.2133    0.6975    0.4770
  2000.51748   -4.8416956913E-04    -1.118    0.2299    2.9474    0.5141
  2000.59962   -4.8416962315E-04    -1.658    0.2171    4.1553    0.4855
  2000.68175   -4.8416949077E-04    -0.335    0.1894    1.1953    0.4235
  2000.76389   -4.8416960963E-04    -1.523    0.2195    3.8530    0.4908
  2000.84602   -4.8416946167E-04    -0.044    0.2486    0.5445    0.5559
  2000.92816   -4.8416943524E-04     0.221    0.2332   -0.0464    0.5215
  2001.01030   -4.8416934339E-04     1.139    0.2380   -2.1003    0.5322
  2001.09038   -4.8416931151E-04     1.458    0.2623   -2.8132    0.5865
  2001.17251   -4.8416942022E-04     0.371    0.2293   -0.3824    0.5127
  2001.25465   -4.8416939864E-04     0.587    0.2206   -0.8650    0.4933
  2001.33678   -4.8416943498E-04     0.223    0.2160   -0.0523    0.4830
  2001.41892   -4.8416937685E-04     0.805    0.2096   -1.3521    0.4687
  2001.50105   -4.8416955731E-04    -1.000    0.1899    2.6831    0.4246
  2001.58319   -4.8416967724E-04    -2.199    0.1995    5.3648    0.4461
  2001.66533   -4.8416958535E-04    -1.280    0.2044    3.3100    0.4571
  2001.74746   -4.8416957245E-04    -1.151    0.2010    3.0215    0.4494
  2001.82960   -4.8416954814E-04    -0.908    0.2362    2.4781    0.5282
  2001.91173   -4.8416935115E-04     1.062    0.2207   -1.9268    0.4935
  2002.04107   -4.8416938140E-04     0.759    0.3274   -1.6977    0.7321
  2002.12594   -4.8416947550E-04    -0.182    0.2493    0.4064    0.5574
  2002.20260   -4.8416938814E-04     0.692    0.2390   -1.5470    0.5344
  2002.28747   -4.8416933871E-04     1.186    0.3813   -2.6521    0.8527
  2002.36961   -4.8416928572E-04     1.716    0.3578   -3.8371    0.8002
  2002.45448   -4.8416942769E-04     0.296    0.2916   -0.6625    0.6520
  2002.53662   -4.8416957006E-04    -1.127    0.2970    2.5210    0.6642
  2002.62149   -4.8416960476E-04    -1.474    0.2415    3.2970    0.5400
  2002.70637   -4.8416955128E-04    -0.940    0.2523    2.1010    0.5642
  2002.78850   -4.8416940837E-04     0.490    0.2570   -1.0946    0.5747
  2002.87337   -4.8416944207E-04     0.152    0.2662   -0.3409    0.5953
  2002.95551   -4.8416938801E-04     0.693    0.3574   -1.5499    0.7991
  2003.04038   -4.8416935632E-04     1.010    0.2492   -2.2585    0.5573
  2003.12526   -4.8416933642E-04     1.209    0.2282   -2.7033    0.5102
  2003.20192   -4.8416933840E-04     1.189    0.1952   -2.6591    0.4364
  2003.28679   -4.8416940808E-04     0.492    0.2848   -1.1011    0.6369
  2003.36893   -4.8416942652E-04     0.308    0.2482   -0.6886    0.5551
  2003.45380   -4.8416938034E-04     0.770    0.3049   -1.7213    0.6818
  2003.53593   -4.8416959048E-04    -1.332    0.2983    2.9775    0.6671
  2003.62081   -4.8416961757E-04    -1.602    0.1956    3.5833    0.4374
  2003.70568   -4.8416955555E-04    -0.982    0.1950    2.1966    0.4360
  2003.78782   -4.8416956354E-04    -1.062    0.3095    2.3752    0.6921
  2003.87269   -4.8416943444E-04     0.229    0.3419   -0.5116    0.7646
  2003.95483   -4.8416937743E-04     0.799    0.2719   -1.7864    0.6080
  2004.03970   -4.8416935698E-04     1.003    0.2307   -2.2436    0.5159
  2004.12457   -4.8416935175E-04     1.056    0.2890   -2.3606    0.6462
  2004.20397   -4.8416941763E-04     0.397    0.2697   -0.8875    0.6031
  2004.28884   -4.8416943027E-04     0.271    0.2593   -0.6050    0.5798
  2004.37098   -4.8416945407E-04     0.032    0.2483   -0.0726    0.5553
  2004.45585   -4.8416952900E-04    -0.717    0.3122    1.6028    0.6982
  2004.53799   -4.8416959745E-04    -1.401    0.3739    3.1333    0.8360
  2004.62286   -4.8416954756E-04    -0.902    0.2293    2.0179    0.5127
  2004.70773   -4.8416957409E-04    -1.168    0.2777    2.6110    0.6209
  2004.78987   -4.8416950994E-04    -0.526    0.2622    1.1767    0.5864
  2004.87474   -4.8416946914E-04    -0.118    0.3226    0.2643    0.7213
  2004.95688   -4.8416928402E-04     1.733    0.2788   -3.8752    0.6234
  2005.04175   -4.8416929296E-04     1.644    0.2476   -3.6752    0.5537
  2005.12663   -4.8416932420E-04     1.331    0.2859   -2.9767    0.6394
  2005.20329   -4.8416933937E-04     1.180    0.3025   -2.6374    0.6765
  2005.28816   -4.8416937949E-04     0.778    0.2232   -1.7402    0.4991
  2005.37029   -4.8416936516E-04     0.922    0.2738   -2.0608    0.6123
  2005.45517   -4.8416934864E-04     1.087    0.2883   -2.4301    0.6447
  2005.53730   -4.8416956140E-04    -1.041    0.2618    2.3274    0.5855
  2005.62218   -4.8416955869E-04    -1.014    0.2617    2.2668    0.5851
  2005.70705   -4.8416956266E-04    -1.053    0.2570    2.3554    0.5747
  2005.78919   -4.8416950535E-04    -0.480    0.2276    1.0741    0.5090
  2005.87406   -4.8416943005E-04     0.273    0.2832   -0.6099    0.6333
  2005.95619   -4.8416924270E-04     2.146    0.2873   -4.7990    0.6425
  2006.04107   -4.8416933354E-04     1.238    0.2580   -2.7678    0.5769
  2006.12594   -4.8416933986E-04     1.175    0.2395   -2.6264    0.5355
  2006.20260   -4.8416939247E-04     0.649    0.2587   -1.4502    0.5785
  2006.28747   -4.8416939949E-04     0.578    0.2337   -1.2930    0.5225
  2006.36961   -4.8416949514E-04    -0.378    0.2867    0.8458    0.6410
  2006.45448   -4.8416947114E-04    -0.138    0.2932    0.3090    0.6556
  2006.53662   -4.8416960694E-04    -1.496    0.2021    3.3457    0.4518
  2006.62149   -4.8416948935E-04    -0.320    0.2829    0.7162    0.6326
  2006.70637   -4.8416956104E-04    -1.037    0.2137    2.3191    0.4778
  2006.78850   -4.8416957757E-04    -1.202    0.2010    2.6888    0.4495
  2006.87337   -4.8416937306E-04     0.843    0.2437   -1.8842    0.5450
  2006.95551   -4.8416941969E-04     0.376    0.2648   -0.8414    0.5921
  2007.04038   -4.8416943177E-04     0.255    0.2372   -0.5713    0.5304
  2007.12526   -4.8416933544E-04     1.219    0.2612   -2.7252    0.5841
  2007.20192   -4.8416932370E-04     1.336    0.2086   -2.9877    0.4664
  2007.28679   -4.8416939219E-04     0.651    0.2042   -1.4565    0.4567
  2007.36893   -4.8416941835E-04     0.390    0.2564   -0.8713    0.5734
  2007.45380   -4.8416938243E-04     0.749    0.2314   -1.6746    0.5175
  2007.53593   -4.8416947392E-04    -0.166    0.2773    0.3711    0.6202
  2007.62081   -4.8416959937E-04    -1.421    0.2947    3.1764    0.6591
  2007.70568   -4.8416959181E-04    -1.345    0.2306    3.0072    0.5157
  2007.78782   -4.8416953986E-04    -0.825    0.2301    1.8456    0.5146
  2007.87269   -4.8416949197E-04    -0.346    0.2682    0.7747    0.5998
  2007.95483   -4.8416942512E-04     0.322    0.3208   -0.7201    0.7172
  2008.03970   -4.8416943158E-04     0.257    0.2415   -0.5755    0.5400
  2008.12457   -4.8416944494E-04     0.124    0.2263   -0.2769    0.5061
  2008.20397   -4.8416947538E-04    -0.181    0.2029    0.4038    0.4536
  2008.28884   -4.8416936463E-04     0.927    0.2646   -2.0726    0.5916
  2008.37098   -4.8416939826E-04     0.591    0.2984   -1.3207    0.6672
  2008.45585   -4.8416955887E-04    -1.015    0.2631    2.2706    0.5883
  2008.53799   -4.8416963666E-04    -1.793    0.2640    4.0101    0.5902
  2008.62286   -4.8416965733E-04    -2.000    0.2704    4.4723    0.6047
  2008.70773   -4.8416962477E-04    -1.674    0.2205    3.7442    0.4931
  2008.78987   -4.8416965310E-04    -1.958    0.2114    4.3777    0.4727
  2008.87474   -4.8416953725E-04    -0.799    0.2588    1.7873    0.5787
  2008.95688   -4.8416949031E-04    -0.330    0.3364    0.7376    0.7522
  2009.04175   -4.8416943912E-04     0.182    0.2449   -0.4069    0.5476
  2009.12663   -4.8416939976E-04     0.576    0.2369   -1.2872    0.5298
  2009.20329   -4.8416947633E-04    -0.190    0.2099    0.4250    0.4693
  2009.28816   -4.8416948732E-04    -0.300    0.2515    0.6708    0.5623
  2009.37029   -4.8416945300E-04     0.043    0.2965   -0.0965    0.6630
  2009.45517   -4.8416942990E-04     0.274    0.3629   -0.6131    0.8114
  2009.53730   -4.8416952638E-04    -0.691    0.2810    1.5442    0.6284
  2009.62218   -4.8416956336E-04    -1.060    0.2894    2.3711    0.6471
  2009.70705   -4.8416960101E-04    -1.437    0.2297    3.2130    0.5137
  2009.78919   -4.8416951441E-04    -0.571    0.2737    1.2767    0.6121
  2009.87406   -4.8416943637E-04     0.209    0.2677   -0.4684    0.5985
  2009.95619   -4.8416938236E-04     0.750    0.3496   -1.6761    0.7818
  2010.04107   -4.8416931492E-04     1.424    0.2774   -3.1843    0.6202
  2010.12594   -4.8416937853E-04     0.788    0.2910   -1.7618    0.6507
  2010.20260   -4.8416946822E-04    -0.109    0.2290    0.2438    0.5121
  2010.28747   -4.8416949471E-04    -0.374    0.3345    0.8361    0.7480
  2010.36961   -4.8416946332E-04    -0.060    0.3087    0.1342    0.6903
  2010.45448   -4.8416960303E-04    -1.457    0.2894    3.2582    0.6472
  2010.53662   -4.8416972660E-04    -2.693    0.3811    6.0213    0.8521
  2010.62149   -4.8416972813E-04    -2.708    0.2549    6.0555    0.5700
  2010.70637   -4.8416965271E-04    -1.954    0.2530    4.3691    0.5657
  2010.78850   -4.8416969268E-04    -2.354    0.2584    5.2629    0.5778
  2010.87337   -4.8416958636E-04    -1.290    0.2832    2.8855    0.6332
  2010.95551   -4.8416935647E-04     1.008    0.4726   -2.2550    1.0569
  2011.04038   -4.8416937307E-04     0.843    0.2790   -1.8840    0.6238
  2011.12526   -4.8416943248E-04     0.248    0.2786   -0.5554    0.6229
  2011.20192   -4.8416951688E-04    -0.596    0.2237    1.3317    0.5003
  2011.28679   -4.8416953502E-04    -0.777    0.3165    1.7375    0.7078
  2011.36893   -4.8416955726E-04    -0.999    0.2494    2.2347    0.5576
  2011.45380   -4.8416956530E-04    -1.080    0.3059    2.4145    0.6840
  2011.53593   -4.8416962684E-04    -1.695    0.2807    3.7905    0.6278
  2011.62081   -4.8416962875E-04    -1.714    0.2223    3.8334    0.4970
  2011.70568   -4.8416963532E-04    -1.780    0.2070    3.9803    0.4629
  2011.78782   -4.8416968277E-04    -2.255    0.2466    5.0413    0.5515
  2011.87269   -4.8416953460E-04    -0.773    0.3124    1.7281    0.6985
  2011.95483   -4.8416959120E-04    -1.339    0.2894    2.9936    0.6471
  2012.03970   -4.8416953672E-04    -0.794    0.2643    1.7754    0.5910
  2012.12457   -4.8416947897E-04    -0.217    0.2396    0.4842    0.5358
  2012.20397   -4.8416957475E-04    -1.174    0.2301    2.6258    0.5145
  2012.28884   -4.8416960080E-04    -1.435    0.2951    3.2083    0.6600
  2012.37098   -4.8416954669E-04    -0.894    0.2265    1.9984    0.5065
  2012.45585   -4.8416958800E-04    -1.307    0.2800    2.9220    0.6262
  2012.53799   -4.8416977725E-04    -3.199    0.2150    7.1538    0.4809
  2012.62286   -4.8416975133E-04    -2.940    0.2015    6.5742    0.4507
  2012.70773   -4.8416975638E-04    -2.991    0.2351    6.6872    0.5256
  2012.78987   -4.8416960219E-04    -1.449    0.2452    3.2395    0.5482
  2012.87474   -4.8416953340E-04    -0.761    0.2908    1.7012    0.6503
  2012.95688   -4.8416948866E-04    -0.313    0.3081    0.7007    0.6889
  2013.04175   -4.8416951189E-04    -0.546    0.2948    1.2201    0.6592
  2013.12663   -4.8416956143E-04    -1.041    0.2520    2.3280    0.5636
  2013.20329   -4.8416954837E-04    -0.910    0.2577    2.0358    0.5763
  2013.28816   -4.8416956060E-04    -1.033    0.2379    2.3093    0.5320
  2013.37029   -4.8416959228E-04    -1.350    0.2582    3.0178    0.5773
  2013.45517   -4.8416956042E-04    -1.031    0.3002    2.3053    0.6712
  2013.53730   -4.8416972534E-04    -2.680    0.3228    5.9931    0.7218
  2013.62218   -4.8416969796E-04    -2.406    0.2237    5.3809    0.5003
  2013.70705   -4.8416967098E-04    -2.137    0.2349    4.7776    0.5252
  2013.78919   -4.8416969153E-04    -2.342    0.2621    5.2371    0.5861
  2013.87406   -4.8416961284E-04    -1.555    0.3040    3.4775    0.6797
  2013.95619   -4.8416948853E-04    -0.312    0.2771    0.6980    0.6197
  2014.04107   -4.8416950920E-04    -0.519    0.2077    1.1602    0.4644
  2014.12594   -4.8416947754E-04    -0.202    0.2379    0.4522    0.5319
  2014.20260   -4.8416958773E-04    -1.304    0.2066    2.9160    0.4620
  2014.28747   -4.8416959645E-04    -1.391    0.1919    3.1111    0.4292
  2014.36961   -4.8416953738E-04    -0.801    0.2370    1.7903    0.5301
  2014.45448   -4.8416964196E-04    -1.846    0.2612    4.1288    0.5841
  2014.53662   -4.8416974109E-04    -2.838    0.2371    6.3453    0.5302
  2014.62149   -4.8416974446E-04    -2.871    0.2241    6.4206    0.5010
  2014.70637   -4.8416969598E-04    -2.387    0.2077    5.3367    0.4644
  2014.78850   -4.8416969898E-04    -2.417    0.2264    5.4037    0.5063
  2014.87337   -4.8416954055E-04    -0.832    0.2598    1.8611    0.5809
  2014.95551   -4.8416964969E-04    -1.924    0.2695    4.3015    0.6027
  2015.04038   -4.8416962890E-04    -1.716    0.2644    3.8366    0.5911
  2015.12526   -4.8416959167E-04    -1.343    0.2419    3.0042    0.5408
  2015.20192   -4.8416961690E-04    -1.596    0.2806    3.5682    0.6274
  2015.28679   -4.8416966034E-04    -2.030    0.2082    4.5396    0.4656
  2015.36893   -4.8416963040E-04    -1.731    0.2777    3.8702    0.6210
  2015.45380   -4.8416966212E-04    -2.048    0.2612    4.5794    0.5840
  2015.53593   -4.8416977604E-04    -3.187    0.3005    7.1267    0.6719
  2015.62081   -4.8416976606E-04    -3.087    0.2347    6.9037    0.5247
  2015.70568   -4.8416973377E-04    -2.765    0.2253    6.1817    0.5037
  2015.78782   -4.8416967579E-04    -2.185    0.2317    4.8851    0.5182
  2015.87269   -4.8416959080E-04    -1.335    0.2579    2.9847    0.5767
  2015.95483   -4.8416959185E-04    -1.345    0.2574    3.0081    0.5757
  2016.03970   -4.8416951528E-04    -0.580    0.3448    1.2960    0.7709
  2016.12457   -4.8416953953E-04    -0.822    0.1966    1.8383    0.4395
  2016.20397   -4.8416965981E-04    -2.025    0.2155    4.5278    0.4818
  2016.28884   -4.8416954078E-04    -0.835    0.2587    1.8663    0.5785
  2016.37098   -4.8416957304E-04    -1.157    0.2449    2.5875    0.5476
  2016.45585   -4.8416969759E-04    -2.403    0.2884    5.3727    0.6448
  2016.53799   -4.8416973562E-04    -2.783    0.2800    6.2230    0.6260
  2016.62286   -4.8416965940E-04    -2.021    0.2513    4.5186    0.5619
  2016.70773   -4.8416979705E-04    -3.397    0.2180    7.5965    0.4874
  2016.78987   -4.8416959249E-04    -1.352    0.2115    3.0225    0.4729
  2016.87474   -4.8416955537E-04    -0.980    0.2495    2.1924    0.5580
  2016.95688   -4.8416949585E-04    -0.385    0.2999    0.8616    0.6706
  2017.04175   -4.8416949532E-04    -0.380    0.2533    0.8498    0.5663
  2017.12663   -4.8416949463E-04    -0.373    0.1958    0.8344    0.4379
  2017.20329   -4.8416955309E-04    -0.958    0.1776    2.1414    0.3970
  2017.28816   -4.8416964180E-04    -1.845    0.2181    4.1251    0.4877
  2017.37029   -4.8416958488E-04    -1.276    0.2471    2.8523    0.5526
  2017.45517   -4.8416964162E-04    -1.843    0.2458    4.1210    0.5497
  2017.53730   -4.8416977791E-04    -3.206    0.2490    7.1687    0.5569
  2017.62218   -4.8416977707E-04    -3.198    0.2836    7.1498    0.6341
  2017.70705   -4.8416977379E-04    -3.165    0.2176    7.0765    0.4867
  2017.78919   -4.8416966887E-04    -2.115    0.2286    4.7303    0.5112
  2017.87406   -4.8416965371E-04    -1.964    0.2590    4.3914    0.5790
  2017.95619   -4.8416957007E-04    -1.127    0.3332    2.5211    0.7449
  2018.04107   -4.8416949378E-04    -0.365    0.2354    0.8153    0.5265
  2018.12594   -4.8416948442E-04    -0.271    0.2091    0.6060    0.4676
  2018.20260   -4.8416955458E-04    -0.973    0.2152    2.1749    0.4813
  2018.28747   -4.8416953645E-04    -0.791    0.2543    1.7694    0.5687
  2018.36961   -4.8416961356E-04    -1.562    0.2504    3.4937    0.5599
  2018.45448   -4.8416961190E-04    -1.546    0.3094    3.4566    0.6918
  2018.53662   -4.8416974612E-04    -2.888    0.2403    6.4578    0.5373
  2018.62149   -4.8416975249E-04    -2.952    0.2251    6.6003    0.5034
  2018.70637   -4.8416973524E-04    -2.779    0.2181    6.2145    0.4876
  2018.78850   -4.8416972706E-04    -2.697    0.2200    6.0317    0.4919
  2018.87337   -4.8416961730E-04    -1.600    0.2789    3.5773    0.6237
  2018.95551   -4.8416959578E-04    -1.385    0.3192    3.0962    0.7138
  2019.04038   -4.8416962265E-04    -1.653    0.2628    3.6970    0.5877
  2019.12526   -4.8416952059E-04    -0.633    0.2688    1.4147    0.6010
  2019.20192   -4.8416965782E-04    -2.005    0.2391    4.4833    0.5347
  2019.28679   -4.8416960569E-04    -1.484    0.2718    3.3176    0.6078
  2019.36893   -4.8416959641E-04    -1.391    0.2268    3.1102    0.5071
  2019.45380   -4.8416970078E-04    -2.435    0.2786    5.4440    0.6229
  2019.53593   -4.8416977443E-04    -3.171    0.2731    7.0908    0.6107
  2019.62081   -4.8416974655E-04    -2.892    0.2165    6.4674    0.4842
  2019.70568   -4.8416981864E-04    -3.613    0.1856    8.0793    0.4149
  2019.78782   -4.8416969559E-04    -2.383    0.2244    5.3279    0.5019
  2019.87269   -4.8416956912E-04    -1.118    0.2722    2.4999    0.6086
  2019.95483   -4.8416959123E-04    -1.339    0.2936    2.9943    0.6565
  2020.03970   -4.8416959976E-04    -1.424    0.2444    3.1851    0.5465
  2020.12457   -4.8416966124E-04    -2.039    0.3054    4.5598    0.6828
  2020.20397   -4.8416968686E-04    -2.295    0.2450    5.1328    0.5478
  2020.28884   -4.8416962410E-04    -1.668    0.2648    3.7292    0.5921
  2020.37098   -4.8416963519E-04    -1.779    0.2301    3.9772    0.5146
  2020.45585   -4.8416970826E-04    -2.509    0.3024    5.6111    0.6761
  2020.53799   -4.8416980933E-04    -3.520    0.2130    7.8712    0.4762
  2020.62286   -4.8416975922E-04    -3.019    0.2137    6.7508    0.4778
  2020.70773   -4.8416978454E-04    -3.272    0.2205    7.3169    0.4931
  2020.78987   -4.8416981182E-04    -3.545    0.2637    7.9268    0.5896
  2020.87474   -4.8416973183E-04    -2.745    0.3013    6.1382    0.6736
  2020.95688   -4.8416964958E-04    -1.923    0.2729    4.2990    0.6102
  2021.04175   -4.8416966113E-04    -2.038    0.2820    4.5573    0.6305
  2021.12663   -4.8416963651E-04    -1.792    0.2670    4.0068    0.5970
  2021.20329   -4.8416968209E-04    -2.248    0.2578    5.0259    0.5765
  2021.28816   -4.8416968247E-04    -2.251    0.2618    5.0345    0.5854
  2021.37029   -4.8416971150E-04    -2.542    0.2656    5.6837    0.5939
  2021.45517   -4.8416976429E-04    -3.070    0.3092    6.8640    0.6914
  2021.53730   -4.8416982012E-04    -3.628    0.2474    8.1125    0.5533
  2021.62218   -4.8416986923E-04    -4.119    0.2620    9.2105    0.5858
  2021.70705   -4.8416990371E-04    -4.464    0.2267    9.9817    0.5069
  2021.78919   -4.8416983937E-04    -3.821    0.2721    8.5429    0.6085
  2021.87406   -4.8416980046E-04    -3.431    0.2868    7.6728    0.6412
  2021.95619   -4.8416975888E-04    -3.016    0.3087    6.7431    0.6903
  2022.04107   -4.8416970041E-04    -2.431    0.2373    5.4357    0.5307
  2022.12594   -4.8416968892E-04    -2.316    0.2611    5.1787    0.5838
  2022.20260   -4.8416965814E-04    -2.008    0.2713    4.4906    0.6066
  2022.28747   -4.8416966386E-04    -2.065    0.2487    4.6183    0.5562
  2022.36961   -4.8416968296E-04    -2.256    0.2704    5.0454    0.6046
  2022.45448   -4.8416971550E-04    -2.582    0.3340    5.7731    0.7468
  2022.53662   -4.8416989179E-04    -4.345    0.3037    9.7151    0.6791
  2022.62149   -4.8416985363E-04    -3.963    0.3262    8.8618    0.7295
  2022.62149   -4.8416985363E-04    -3.963    0.3262    8.8618    0.7295
  2022.70637   -4.8416994010E-04    -4.828    0.2580   10.7953    0.5769
  2022.78850   -4.8416987307E-04    -4.157    0.2476    9.2964    0.5536
  2022.87337   -4.8416976288E-04    -3.056    0.3124    6.8326    0.6985
  2022.95551   -4.8416968493E-04    -2.276    0.3262    5.0896    0.7293
  2023.04038   -4.8416975077E-04    -2.934    0.2708    6.5617    0.6056
  2023.12526   -4.8416970490E-04    -2.476    0.2775    5.5360    0.6206
  2023.20192   -4.8416969462E-04    -2.373    0.2611    5.3062    0.5839
  2023.28679   -4.8416961661E-04    -1.593    0.3163    3.5618    0.7073
  2023.36893   -4.8416977163E-04    -3.143    0.3388    7.0281    0.7576
  2023.53593   -4.8416992283E-04    -4.655    0.2982   10.4091    0.6667
  2023.62081   -4.8416989168E-04    -4.344    0.2853    9.7125    0.6379
  2023.70568   -4.8416982857E-04    -3.713    0.2389    8.3015    0.5342
  2023.78782   -4.8416987331E-04    -4.160    0.2308    9.3019    0.5162
  2023.87269   -4.8416974129E-04    -2.840    0.3474    6.3497    0.7769
  2023.95483   -4.8416974919E-04    -2.919    0.3187    6.5263    0.7127
